22-Jun-2019 19:10:49
-----
                 Rep	          Experiment	               Model	                Time	         Error_Value	            X_values	
  1	         1	            Caputo-Dzhrbashyan	    564.01	  0.006686	 16.529550	  0.022000	100000000.000000	  1.098938	  1.000000	
  1	         1	               Caputo-Fabrizio	      0.67	  0.006686	 16.529615	  0.022000	100000000.000000	  1.000000	  1.000000	
  1	         1	       Atangana-Baleanu-Caputo	    484.36	  0.006686	 16.529588	  0.022000	100000000.000000	  1.000000	  1.000000	
  1	         1	                   Conformable	      1.32	  0.006686	 16.529736	  0.022000	100000000.000000	  1.000000	  1.000000	
  1	         1	                   Traditional	      0.50	  0.006686	 16.529670	  0.022000	100000000.000000	  1.000000	
  1	         2	            Caputo-Dzhrbashyan	    585.23	  0.009934	 13.887087	  0.022000	100000000.000000	  1.000000	  1.000000	
  1	         2	               Caputo-Fabrizio	      0.48	  0.009934	 13.887098	  0.022000	100000000.000000	  1.000000	  1.000000	
  1	         2	       Atangana-Baleanu-Caputo	    562.93	  0.009934	 13.887137	  0.022000	100000000.000000	  1.000000	  1.000000	
  1	         2	                   Conformable	      1.40	  0.009934	 13.887166	  0.022000	100000000.000000	  1.261665	  1.000000	
  1	         2	                   Traditional	      0.54	  0.009934	 13.887108	  0.022000	100000000.000000	  1.000000	
  1	         3	            Caputo-Dzhrbashyan	   3306.23	     0.025	 11.060900	  0.022000	100000000.000000	  1.000000	  1.000000	
  1	         3	               Caputo-Fabrizio	      0.62	     0.025	 11.060744	  0.022000	100000000.000000	  1.000000	  1.000000	
  1	         3	       Atangana-Baleanu-Caputo	    894.74	     0.025	 11.060735	  0.022000	100000000.000000	  1.000000	  1.000000	
  1	         3	                   Conformable	      1.54	     0.025	 11.060768	  0.022000	100000000.000000	  1.000000	  1.000000	
  1	         3	                   Traditional	      0.42	     0.025	 11.060748	  0.022000	100000000.000000	  1.000000	
  1	         4	            Caputo-Dzhrbashyan	    345.11	    0.0287	 20.573895	  0.022000	100000000.000000	  1.000000	  1.000000	
  1	         4	               Caputo-Fabrizio	      0.34	    0.0287	 20.573729	  0.022000	100000000.000000	  1.000000	  1.000000	
  1	         4	       Atangana-Baleanu-Caputo	    291.18	    0.0287	 20.574018	  0.022000	100000000.000000	  1.000000	  1.000000	
  1	         4	                   Conformable	      1.32	    0.0287	 20.574261	  0.022000	100000000.000000	  1.234258	  1.000000	
  1	         4	                   Traditional	      0.41	    0.0287	 20.573969	  0.022000	100000000.000000	  1.000000	
  1	         5	            Caputo-Dzhrbashyan	   1242.09	   0.07619	 12.782903	  0.022000	100000000.000000	  1.000000	  1.000000	
  1	         5	               Caputo-Fabrizio	      0.57	   0.07619	 12.782999	  0.022000	99995327.643114	  1.000000	  1.000000	
  1	         5	       Atangana-Baleanu-Caputo	    849.64	   0.07619	 12.783032	  0.022000	99964637.328822	  1.000000	  1.000000	
  1	         5	                   Conformable	      1.65	   0.07619	 12.783020	  0.022000	100000000.000000	  1.000000	  1.000000	
  1	         5	                   Traditional	      0.45	   0.07619	 12.782986	  0.022000	100000000.000000	  1.000000	
  1	         6	            Caputo-Dzhrbashyan	    221.33	   0.01478	 23.294767	  0.022000	98962627.494289	  1.000000	  1.000000	
  1	         6	               Caputo-Fabrizio	      0.35	   0.01478	 23.294676	  0.022000	80718956.202230	  1.003717	  1.000000	
  1	         6	       Atangana-Baleanu-Caputo	    156.39	   0.01478	 23.294800	  0.022000	100000000.000000	  1.000000	  1.000000	
  1	         6	                   Conformable	      0.81	   0.01478	 23.294824	  0.022000	54939040.036598	  1.000000	  1.000000	
  1	         6	                   Traditional	      0.21	   0.01478	  23.294713	  0.022000	88467828.513817	  1.000000	
